,Z,SOMA,Precision
0,119,60,4
1,119,60,4
2,119,60,4
3,119,60,4
4,119,60,4
5,119,60,4
6,119,60,4
7,119,60,4
8,119,60,4
9,119,60,4
10,119,60,4
11,119,60,4
12,119,60,4
13,119,60,4
14,119,60,4
15,119,60,4
16,119,60,4
17,119,60,4
18,119,60,4
19,119,60,4
20,119,60,4
21,119,60,4
22,119,60,4
23,119,60,4
24,119,60,4
25,119,60,4
26,119,60,4
27,119,60,4
28,119,60,4
29,119,60,4
30,119,60,4
31,119,60,4
32,119,60,4
33,119,60,4
34,119,60,4
35,119,60,4
36,119,60,4
37,119,60,4
38,119,60,4
39,119,60,4
40,119,60,4
41,119,60,4
42,119,60,4
43,119,60,4
44,119,60,4
45,119,60,4
46,119,60,4
47,119,60,4
48,119,60,4
49,119,60,4
50,119,60,4
51,119,60,4
52,119,60,4
53,119,60,4
54,119,60,4
55,119,60,4
56,119,60,4
57,119,60,4
58,119,60,4
59,119,60,4
60,119,60,4
61,119,60,4
62,119,60,4
63,119,60,4
64,119,60,4
65,119,60,4
66,119,60,4
67,119,60,4
68,119,60,4
69,119,60,4
70,119,60,4
71,119,60,4
72,119,60,4
73,119,60,4
74,119,60,4
75,119,60,4
76,119,60,4
77,119,60,4
78,119,60,4
79,119,60,4
80,119,60,4
81,119,60,4
82,119,60,4
83,119,60,4
84,119,60,4
85,119,60,4
86,119,60,4
87,119,60,4
88,119,60,4
89,119,60,4
90,119,60,4
91,119,60,4
92,119,60,4
93,119,60,4
94,119,60,4
95,119,60,4
96,119,60,4
97,119,60,4
98,119,60,4
99,119,60,4
100,119,60,4
101,119,60,4
102,119,60,4
103,119,60,4
104,119,60,4
105,119,60,4
106,119,60,4
107,119,60,4
108,119,60,4
109,119,60,4
110,119,60,4
111,119,60,4
112,119,60,4
113,119,60,4
114,119,60,4
115,119,60,4
116,119,60,4
117,119,60,4
118,119,60,4
119,119,60,4
120,119,60,4
121,119,60,4
122,119,60,4
123,119,60,4
124,119,60,4
125,119,60,4
126,119,60,4
127,119,60,4
128,119,60,4
129,119,60,4
130,119,60,4
131,119,60,4
132,119,60,4
133,119,60,4
134,119,60,4
135,119,60,4
136,119,60,4
137,119,60,4
138,119,60,4
139,119,60,4
140,119,60,4
141,119,60,4
142,119,60,4
143,119,60,4
144,119,60,4
145,119,60,4
146,119,60,4
147,119,60,4
148,119,60,4
149,119,60,4
150,119,60,4
151,119,60,4
152,119,60,4
153,119,60,4
154,119,60,4
155,119,60,4
156,119,60,4
157,119,60,4
158,119,60,4
159,119,60,4
160,119,60,4
161,119,60,4
162,119,60,4
163,119,60,4
164,119,60,4
165,119,60,4
166,119,60,4
167,119,60,4
168,119,60,4
169,119,60,4
170,119,60,4
171,119,60,4
172,119,60,4
173,119,60,4
174,119,60,4
175,119,60,4
176,119,60,4
177,119,60,4
178,119,60,4
179,119,60,4
180,119,60,4
181,119,60,4
182,119,60,4
183,119,60,4
184,119,60,4
185,119,60,4
186,119,60,4
187,119,60,4
188,119,60,4
189,119,60,4
190,119,60,4
191,119,60,4
192,119,60,4
193,119,60,4
194,119,60,4
195,119,60,4
196,119,60,4
197,119,60,4
198,119,60,4
199,119,60,4
200,119,60,4
201,119,60,4
202,119,60,4
203,119,60,4
204,119,60,4
205,119,60,4
206,119,60,4
207,119,60,4
208,119,60,4
209,119,60,4
210,119,60,4
211,119,60,4
212,119,60,4
213,119,60,4
214,119,60,4
215,119,60,4
216,119,60,4
217,119,60,4
218,119,60,4
219,119,60,4
220,119,60,4
221,119,60,4
222,119,60,4
223,119,60,4
224,119,60,4
225,119,60,4
226,119,60,4
227,119,60,4
228,119,60,4
229,119,60,4
230,119,60,4
231,119,60,4
232,119,60,4
233,119,60,4
234,119,60,4
235,119,60,4
236,119,60,4
237,119,60,4
238,119,60,4
239,119,60,4
240,119,60,4
241,119,60,4
242,119,60,4
243,119,60,4
244,119,60,4
245,119,60,4
246,119,60,4
247,119,60,4
248,119,60,4
249,119,60,4
250,119,60,4
251,119,60,4
252,119,60,4
253,119,60,4
254,119,60,4
255,119,60,4
256,119,60,4
257,119,60,4
258,119,60,4
259,119,60,4
260,119,60,4
261,119,60,4
262,119,60,4
263,119,60,4
264,119,60,4
265,119,60,4
266,119,60,4
267,119,60,4
268,119,60,4
269,119,60,4
270,119,60,4
271,119,60,4
272,119,60,4
273,119,60,4
274,119,60,4
275,119,60,4
276,119,60,4
277,119,60,4
278,119,60,4
279,119,60,4
280,119,60,4
281,119,60,4
282,119,60,4
283,119,60,4
284,119,60,4
285,119,60,4
286,119,60,4
287,119,60,4
288,119,60,4
289,119,60,4
290,119,60,4
291,119,60,4
292,119,60,4
293,119,60,4
294,119,60,4
295,119,60,4
296,119,60,4
297,119,60,4
298,119,60,4
299,119,60,4
300,119,60,4
301,119,60,4
302,119,60,4
303,119,60,4
304,119,60,4
305,119,60,4
306,119,60,4
307,119,60,4
308,119,60,4
309,119,60,4
310,119,60,4
311,119,60,4
312,119,60,4
313,119,60,4
314,119,60,4
315,119,60,4
316,119,60,4
317,119,60,4
318,119,60,4
319,119,60,4
320,119,60,4
321,119,60,4
322,119,60,4
323,119,60,4
324,119,60,4
325,119,60,4
326,119,60,4
327,119,60,4
328,119,60,4
329,119,60,4
330,119,60,4
331,119,60,4
332,119,60,4
333,119,60,4
334,119,60,4
335,119,60,4
336,119,60,4
337,119,60,4
338,119,60,4
339,119,60,4
340,119,60,4
341,119,60,4
342,119,60,4
343,119,60,4
344,119,60,4
345,119,60,4
346,119,60,4
347,119,60,4
348,119,60,4
349,119,60,4
350,119,60,4
351,119,60,4
352,119,60,4
353,119,60,4
354,119,60,4
355,119,60,4
356,119,60,4
357,119,60,4
358,119,60,4
359,119,60,4
360,119,60,4
361,119,60,4
362,119,60,4
363,119,60,4
364,119,60,4
365,119,60,4
366,119,60,4
367,119,60,4
368,119,60,4
369,119,60,4
370,119,60,4
371,119,60,4
372,119,60,4
373,119,60,4
374,119,60,4
375,119,60,4
376,119,60,4
377,119,60,4
378,119,60,4
379,119,60,4
380,119,60,4
381,119,60,4
382,119,60,4
383,119,60,4
384,119,60,4
385,119,60,4
386,119,60,4
387,119,60,4
388,119,60,4
389,119,60,4
390,119,60,4
391,119,60,4
392,119,60,4
393,119,60,4
394,119,60,4
395,119,60,4
396,119,60,4
397,119,60,4
398,119,60,4
399,119,60,4
400,119,60,4
401,119,60,4
402,119,60,4
403,119,60,4
404,119,60,4
405,119,60,4
406,119,60,4
407,119,60,4
408,119,60,4
409,119,60,4
410,119,60,4
411,119,60,4
412,119,60,4
413,119,60,4
414,119,60,4
415,119,60,4
416,119,60,4
417,119,60,4
418,119,60,4
419,119,60,4
420,119,60,4
421,119,60,4
422,119,60,4
423,119,60,4
424,119,60,4
425,119,60,4
426,119,60,4
427,119,60,4
428,119,60,4
429,119,60,4
430,119,60,4
431,119,60,4
432,119,60,4
433,119,60,4
434,119,60,4
435,119,60,4
436,119,60,4
437,119,60,4
438,119,60,4
439,119,60,4
440,119,60,4
441,119,60,4
442,119,60,4
443,119,60,4
444,119,60,4
445,119,60,4
446,119,60,4
447,119,60,4
448,119,60,4
449,119,60,4
450,119,60,4
451,119,60,4
452,119,60,4
453,119,60,4
454,119,60,4
455,119,60,4
456,119,60,4
457,119,60,4
458,119,60,4
459,119,60,4
460,119,60,4
461,119,60,4
462,119,60,4
463,119,60,4
464,119,60,4
465,119,60,4
466,119,60,4
467,119,60,4
468,119,60,4
469,119,60,4
470,119,60,4
471,119,60,4
472,119,60,4
473,119,60,4
474,119,60,4
475,119,60,4
476,119,60,4
477,119,60,4
478,119,60,4
479,119,60,4
480,119,60,4
481,119,60,4
482,119,60,4
483,119,60,4
484,119,60,4
485,119,60,4
486,119,60,4
487,119,60,4
488,119,60,4
489,119,60,4
490,119,60,4
491,119,60,4
492,119,60,4
493,119,60,4
494,119,60,4
495,119,60,4
496,119,60,4
497,119,60,4
498,119,60,4
499,119,60,4
500,119,60,4
501,119,60,4
502,119,60,4
503,119,60,4
504,119,60,4
505,119,60,4
506,119,60,4
507,119,60,4
508,119,60,4
509,119,60,4
510,119,60,4
511,119,60,4
512,119,60,4
513,119,60,4
514,119,60,4
515,119,60,4
516,119,60,4
517,119,60,4
518,119,60,4
519,119,60,4
520,119,60,4
521,119,60,4
522,119,60,4
523,119,60,4
524,119,60,4
525,119,60,4
526,119,60,4
527,119,60,4
528,119,60,4
529,119,60,4
530,119,60,4
531,119,60,4
532,119,60,4
533,119,60,4
534,119,60,4
535,119,60,4
536,119,60,4
537,119,60,4
538,119,60,4
539,119,60,4
540,119,60,4
541,119,60,4
542,119,60,4
543,119,60,4
544,119,60,4
545,119,60,4
546,119,60,4
547,119,60,4
548,119,60,4
549,119,60,4
550,119,60,4
551,119,60,4
552,119,60,4
553,119,60,4
554,119,60,4
555,119,60,4
556,119,60,4
557,119,60,4
558,119,60,4
559,119,60,4
560,119,60,4
561,119,60,4
562,119,60,4
563,119,60,4
564,119,60,4
565,119,60,4
566,119,60,4
567,119,60,4
568,119,60,4
569,119,60,4
570,119,60,4
571,119,60,4
572,119,60,4
573,119,60,4
574,119,60,4
575,119,60,4
576,119,60,4
577,119,60,4
578,119,60,4
579,119,60,4
580,119,60,4
581,119,60,4
582,119,60,4
583,119,60,4
584,119,60,4
585,119,60,4
586,119,60,4
587,119,60,4
588,119,60,4
589,119,60,4
590,119,60,4
591,119,60,4
592,119,60,4
593,119,60,4
594,119,60,4
595,119,60,4
596,119,60,4
597,119,60,4
598,119,60,4
599,119,60,4
600,119,60,4
601,119,60,4
602,119,60,4
603,119,60,4
604,119,60,4
605,119,60,4
606,119,60,4
607,119,60,4
608,119,60,4
609,119,60,4
610,119,60,4
611,119,60,4
612,119,60,4
613,119,60,4
614,119,60,4
615,119,60,4
616,119,60,4
617,119,60,4
618,119,60,4
619,119,60,4
620,119,60,4
621,119,60,4
622,119,60,4
623,119,60,4
624,119,60,4
625,119,60,4
626,119,60,4
627,119,60,4
628,119,60,4
629,119,60,4
630,119,60,4
631,119,60,4
632,119,60,4
633,119,60,4
634,119,60,4
635,119,60,4
636,119,60,4
637,119,60,4
638,119,60,4
639,119,60,4
640,119,60,4
641,119,60,4
642,119,60,4
643,119,60,4
644,119,60,4
645,119,60,4
646,119,60,4
647,119,60,4
648,119,60,4
649,119,60,4
650,119,60,4
651,119,60,4
652,119,60,4
653,119,60,4
654,119,60,4
655,119,60,4
656,119,60,4
657,119,60,4
658,119,60,4
659,119,60,4
660,119,60,4
661,119,60,4
662,119,60,4
663,119,60,4
664,119,60,4
665,119,60,4
666,119,60,4
667,119,60,4
668,119,60,4
669,119,60,4
670,119,60,4
671,119,60,4
672,119,60,4
673,119,60,4
674,119,60,4
675,119,60,4
676,119,60,4
677,119,60,4
678,119,60,4
679,119,60,4
680,119,60,4
681,119,60,4
682,119,60,4
683,119,60,4
684,119,60,4
685,119,60,4
686,119,60,4
687,119,60,4
688,119,60,4
689,119,60,4
690,119,60,4
691,119,60,4
692,119,60,4
693,119,60,4
694,119,60,4
695,119,60,4
696,119,60,4
697,119,60,4
698,119,60,4
699,119,60,4
700,119,60,4
701,119,60,4
702,119,60,4
703,119,60,4
704,119,60,4
705,119,60,4
706,119,60,4
707,119,60,4
708,119,60,4
709,119,60,4
710,119,60,4
711,119,60,4
712,119,60,4
713,119,60,4
714,119,60,4
715,119,60,4
716,119,60,4
717,119,60,4
718,119,60,4
719,119,60,4
720,119,60,4
721,119,60,4
722,119,60,4
723,119,60,4
724,119,60,4
725,119,60,4
726,119,60,4
727,119,60,4
728,119,60,4
729,119,60,4
730,119,60,4
731,119,60,4
732,119,60,4
733,119,60,4
734,119,60,4
735,119,60,4
736,119,60,4
737,119,60,4
738,119,60,4
739,119,60,4
740,119,60,4
741,119,60,4
742,119,60,4
743,119,60,4
744,119,60,4
745,119,60,4
746,119,60,4
747,119,60,4
748,119,60,4
749,119,60,4
750,119,60,4
751,119,60,4
752,119,60,4
753,119,60,4
754,119,60,4
755,119,60,4
756,119,60,4
757,119,60,4
758,119,60,4
759,119,60,4
760,119,60,4
761,119,60,4
762,119,60,4
763,119,60,4
764,119,60,4
765,119,60,4
766,119,60,4
767,119,60,4
768,119,60,4
769,119,60,4
770,119,60,4
771,119,60,4
772,119,60,4
773,119,60,4
774,119,60,4
775,119,60,4
776,119,60,4
777,119,60,4
778,119,60,4
779,119,60,4
780,119,60,4
781,119,60,4
782,119,60,4
783,119,60,4
784,119,60,4
785,119,60,4
786,119,60,4
787,119,60,4
788,119,60,4
789,119,60,4
790,119,60,4
791,119,60,4
792,119,60,4
793,119,60,4
794,119,60,4
795,119,60,4
796,119,60,4
797,119,60,4
798,119,60,4
799,119,60,4
800,119,60,4
801,119,60,4
802,119,60,4
803,119,60,4
804,119,60,4
805,119,60,4
806,119,60,4
807,119,60,4
808,119,60,4
809,119,60,4
810,119,60,4
811,119,60,4
812,119,60,4
813,119,60,4
814,119,60,4
815,119,60,4
816,119,60,4
817,119,60,4
818,119,60,4
819,119,60,4
820,119,60,4
821,119,60,4
822,119,60,4
823,119,60,4
824,119,60,4
825,119,60,4
826,119,60,4
827,119,60,4
828,119,60,4
829,119,60,4
830,119,60,4
831,119,60,4
832,119,60,4
833,119,60,4
834,119,60,4
835,119,60,4
836,119,60,4
837,119,60,4
838,119,60,4
839,119,60,4
840,119,60,4
841,119,60,4
842,119,60,4
843,119,60,4
844,119,60,4
845,119,60,4
846,119,60,4
847,119,60,4
848,119,60,4
849,119,60,4
850,119,60,4
851,119,60,4
852,119,60,4
853,119,60,4
854,119,60,4
855,119,60,4
856,119,60,4
857,119,60,4
858,119,60,4
859,119,60,4
860,119,60,4
861,119,60,4
862,119,60,4
863,119,60,4
864,119,60,4
865,119,60,4
866,119,60,4
867,119,60,4
868,119,60,4
869,119,60,4
870,119,60,4
871,119,60,4
872,119,60,4
873,119,60,4
874,119,60,4
875,119,60,4
876,119,60,4
877,119,60,4
878,119,60,4
879,119,60,4
880,119,60,4
881,119,60,4
882,119,60,4
883,119,60,4
884,119,60,4
885,119,60,4
886,119,60,4
887,119,60,4
888,119,60,4
889,119,60,4
890,119,60,4
891,119,60,4
892,119,60,4
893,119,60,4
894,119,60,4
895,119,60,4
896,119,60,4
897,119,60,4
898,119,60,4
899,119,60,4
900,119,60,4
901,119,60,4
902,119,60,4
903,119,60,4
904,119,60,4
905,119,60,4
906,119,60,4
907,119,60,4
908,119,60,4
909,119,60,4
910,119,60,4
911,119,60,4
912,119,60,4
913,119,60,4
914,119,60,4
915,119,60,4
916,119,60,4
917,119,60,4
918,119,60,4
919,119,60,4
920,119,60,4
921,119,60,4
922,119,60,4
923,119,60,4
924,119,60,4
925,119,60,4
926,119,60,4
927,119,60,4
928,119,60,4
929,119,60,4
930,119,60,4
931,119,60,4
932,119,60,4
933,119,60,4
934,119,60,4
935,119,60,4
936,119,60,4
937,119,60,4
938,119,60,4
939,119,60,4
940,119,60,4
941,119,60,4
942,119,60,4
943,119,60,4
944,119,60,4
945,119,60,4
946,119,60,4
947,119,60,4
948,119,60,4
949,119,60,4
950,119,60,4
951,119,60,4
952,119,60,4
953,119,60,4
954,119,60,4
955,119,60,4
956,119,60,4
957,119,60,4
958,119,60,4
959,119,60,4
960,119,60,4
961,119,60,4
962,119,60,4
963,119,60,4
964,119,60,4
965,119,60,4
966,119,60,4
967,119,60,4
968,119,60,4
969,119,60,4
970,119,60,4
971,119,60,4
972,119,60,4
973,119,60,4
974,119,60,4
975,119,60,4
976,119,60,4
977,119,60,4
978,119,60,4
979,119,60,4
980,119,60,4
981,119,60,4
982,119,60,4
983,119,60,4
984,119,60,4
985,119,60,4
986,119,60,4
987,119,60,4
988,119,60,4
989,119,60,4
990,119,60,4
991,119,60,4
992,119,60,4
993,119,60,4
994,119,60,4
995,119,60,4
996,119,60,4
997,119,60,4
998,119,60,4
999,119,60,4
1000,119,60,4
1001,119,60,4
1002,119,60,4
1003,119,60,4
1004,119,60,4
1005,119,60,4
1006,119,60,4
1007,119,60,4
1008,119,60,4
1009,119,60,4
1010,119,60,4
1011,119,60,4
1012,119,60,4
1013,119,60,4
1014,119,60,4
1015,119,60,4
1016,119,60,4
1017,119,60,4
1018,119,60,4
1019,119,60,4
1020,119,60,4
1021,119,60,4
1022,119,60,4
1023,119,60,4
1024,119,60,4
1025,119,60,4
1026,119,60,4
1027,119,60,4
1028,119,60,4
1029,119,60,4
1030,119,60,4
1031,119,60,4
1032,119,60,4
1033,119,60,4
1034,119,60,4
1035,119,60,4
1036,119,60,4
1037,119,60,4
1038,119,60,4
1039,119,60,4
1040,119,60,4
1041,119,60,4
1042,119,60,4
1043,119,60,4
1044,119,60,4
1045,119,60,4
1046,119,60,4
1047,119,60,4
1048,119,60,4
1049,119,60,4
1050,119,60,4
1051,119,60,4
1052,119,60,4
1053,119,60,4
1054,119,60,4
1055,119,60,4
1056,119,60,4
1057,119,60,4
1058,119,60,4
1059,119,60,4
1060,119,60,4
1061,119,60,4
1062,119,60,4
1063,119,60,4
1064,119,60,4
1065,119,60,4
1066,119,60,4
1067,119,60,4
1068,119,60,4
1069,119,60,4
1070,119,60,4
1071,119,60,4
1072,119,60,4
1073,119,60,4
1074,119,60,4
1075,119,60,4
1076,119,60,4
1077,119,60,4
1078,119,60,4
1079,119,60,4
1080,119,60,4
1081,119,60,4
1082,119,60,4
1083,119,60,4
1084,119,60,4
1085,119,60,4
1086,119,60,4
1087,119,60,4
1088,119,60,4
1089,119,60,4
1090,119,60,4
1091,119,60,4
1092,119,60,4
1093,119,60,4
1094,119,60,4
1095,119,60,4
1096,119,60,4
1097,119,60,4
1098,119,60,4
1099,119,60,4
1100,119,60,4
1101,119,60,4
1102,119,60,4
1103,119,60,4
1104,119,60,4
1105,119,60,4
1106,119,60,4
1107,119,60,4
1108,119,60,4
1109,119,60,4
1110,119,60,4
1111,119,60,4
1112,119,60,4
1113,119,60,4
1114,119,60,4
1115,119,60,4
1116,119,60,4
1117,119,60,4
1118,119,60,4
1119,119,60,4
1120,119,60,4
1121,119,60,4
1122,119,60,4
1123,119,60,4
1124,119,60,4
1125,119,60,4
1126,119,60,4
1127,119,60,4
1128,119,60,4
1129,119,60,4
1130,119,60,4
1131,119,60,4
1132,119,60,4
1133,119,60,4
1134,119,60,4
1135,119,60,4
1136,119,60,4
1137,119,60,4
1138,119,60,4
1139,119,60,4
1140,119,60,4
1141,119,60,4
1142,119,60,4
1143,119,60,4
1144,119,60,4
1145,119,60,4
1146,119,60,4
1147,119,60,4
1148,119,60,4
1149,119,60,4
1150,119,60,4
1151,119,60,4
1152,119,60,4
1153,119,60,4
1154,119,60,4
1155,119,60,4
1156,119,60,4
1157,119,60,4
1158,119,60,4
1159,119,60,4
1160,119,60,4
1161,119,60,4
1162,119,60,4
1163,119,60,4
1164,119,60,4
1165,119,60,4
1166,119,60,4
1167,119,60,4
1168,119,60,4
1169,119,60,4
1170,119,60,4
1171,119,60,4
1172,119,60,4
1173,119,60,4
1174,119,60,4
1175,119,60,4
1176,119,60,4
1177,119,60,4
1178,119,60,4
1179,119,60,4
1180,119,60,4
1181,119,60,4
1182,119,60,4
1183,119,60,4
1184,119,60,4
1185,119,60,4
1186,119,60,4
1187,119,60,4
1188,119,60,4
1189,119,60,4
1190,119,60,4
1191,119,60,4
1192,119,60,4
1193,119,60,4
1194,119,60,4
1195,119,60,4
1196,119,60,4
1197,119,60,4
1198,119,60,4
1199,119,60,4
1200,119,60,4
1201,119,60,4
1202,119,60,4
1203,119,60,4
1204,119,60,4
1205,119,60,4
1206,119,60,4
1207,119,60,4
1208,119,60,4
1209,119,60,4
1210,119,60,4
1211,119,60,4
1212,119,60,4
1213,119,60,4
1214,119,60,4
1215,119,60,4
1216,119,60,4
1217,119,60,4
1218,119,60,4
1219,119,60,4
1220,119,60,4
1221,119,60,4
1222,119,60,4
1223,119,60,4
1224,119,60,4
1225,119,60,4
1226,119,60,4
1227,119,60,4
1228,119,60,4
1229,119,60,4
1230,119,60,4
1231,119,60,4
1232,119,60,4
1233,119,60,4
1234,119,60,4
1235,119,60,4
1236,119,60,4
1237,119,60,4
1238,119,60,4
1239,119,60,4
1240,119,60,4
1241,119,60,4
1242,119,60,4
1243,119,60,4
1244,119,60,4
1245,119,60,4
1246,119,60,4
1247,119,60,4
1248,119,60,4
1249,119,60,4
1250,119,60,4
1251,119,60,4
1252,119,60,4
1253,119,60,4
1254,119,60,4
1255,119,60,4
1256,119,60,4
1257,119,60,4
1258,119,60,4
1259,119,60,4
1260,119,60,4
1261,119,60,4
1262,119,60,4
1263,119,60,4
1264,119,60,4
1265,119,60,4
1266,119,60,4
1267,119,60,4
1268,119,60,4
1269,119,60,4
1270,119,60,4
1271,119,60,4
1272,119,60,4
1273,119,60,4
1274,119,60,4
1275,119,60,4
1276,119,60,4
1277,119,60,4
1278,119,60,4
1279,119,60,4
1280,119,60,4
1281,119,60,4
1282,119,60,4
1283,119,60,4
1284,119,60,4
1285,119,60,4
1286,119,60,4
1287,119,60,4
1288,119,60,4
1289,119,60,4
1290,119,60,4
1291,119,60,4
1292,119,60,4
1293,119,60,4
1294,119,60,4
1295,119,60,4
1296,119,60,4
1297,119,60,4
1298,119,60,4
1299,119,60,4
1300,119,60,4
1301,119,60,4
1302,119,60,4
1303,119,60,4
1304,119,60,4
1305,119,60,4
1306,119,60,4
1307,119,60,4
1308,119,60,4
1309,119,60,4
1310,119,60,4
1311,119,60,4
1312,119,60,4
1313,119,60,4
1314,119,60,4
1315,119,60,4
1316,119,60,4
1317,119,60,4
1318,119,60,4
1319,119,60,4
1320,119,60,4
1321,119,60,4
1322,119,60,4
1323,119,60,4
1324,119,60,4
1325,119,60,4
1326,119,60,4
1327,119,60,4
1328,119,60,4
1329,119,60,4
1330,119,60,4
1331,119,60,4
1332,119,60,4
1333,119,60,4
1334,119,60,4
1335,119,60,4
1336,119,60,4
1337,119,60,4
1338,119,60,4
1339,119,60,4
1340,119,60,4
1341,119,60,4
1342,119,60,4
1343,119,60,4
1344,119,60,4
1345,119,60,4
1346,119,60,4
1347,119,60,4
1348,119,60,4
1349,119,60,4
1350,119,60,4
1351,119,60,4
1352,119,60,4
1353,119,60,4
1354,119,60,4
1355,119,60,4
1356,119,60,4
1357,119,60,4
1358,119,60,4
1359,119,60,4
1360,119,60,4
1361,119,60,4
1362,119,60,4
1363,119,60,4
1364,119,60,4
1365,119,60,4
1366,119,60,4
1367,119,60,4
1368,119,60,4
1369,119,60,4
1370,119,60,4
1371,119,60,4
1372,119,60,4
1373,119,60,4
1374,119,60,4
1375,119,60,4
1376,119,60,4
1377,119,60,4
1378,119,60,4
1379,119,60,4
1380,119,60,4
1381,119,60,4
1382,119,60,4
1383,119,60,4
1384,119,60,4
1385,119,60,4
1386,119,60,4
1387,119,60,4
1388,119,60,4
1389,119,60,4
1390,119,60,4
1391,119,60,4
1392,119,60,4
1393,119,60,4
1394,119,60,4
1395,119,60,4
1396,119,60,4
1397,119,60,4
1398,119,60,4
1399,119,60,4
1400,119,60,4
1401,119,60,4
1402,119,60,4
1403,119,60,4
1404,119,60,4
1405,119,60,4
1406,119,60,4
1407,119,60,4
1408,119,60,4
1409,119,60,4
1410,119,60,4
1411,119,60,4
1412,119,60,4
1413,119,60,4
1414,119,60,4
1415,119,60,4
1416,119,60,4
1417,119,60,4
1418,119,60,4
1419,119,60,4
1420,119,60,4
1421,119,60,4
1422,119,60,4
1423,119,60,4
1424,119,60,4
1425,119,60,4
1426,119,60,4
1427,119,60,4
